1 2 1
2 3 1
3 4 1
4 5 1
5 6 1
6 7 1
7 8 1
8 9 1
9 10 1
10 11 1
11 12 1
12 13 1
13 14 1
14 15 1
15 16 1
16 17 1
17 18 1
18 19 1
19 20 1
20 21 1
21 22 1
22 23 1
23 24 1
24 25 1
25 26 1
26 27 1
27 28 1
28 29 1
29 30 1
30 31 1
31 32 1
33 34 2
34 35 2
35 36 2
36 37 2
37 38 2
38 39 2
39 40 2
40 41 2
41 42 2
42 43 2
43 44 2
44 45 2
45 46 2
46 47 2
47 48 2
48 49 2
49 50 2
50 51 2
51 52 2
52 53 2
53 54 2
54 55 2
55 56 2
56 57 2
57 58 2
58 59 2
59 60 2
60 61 2
61 62 2
62 63 2
63 64 2
64 65 2
65 66 2
66 67 2
67 68 2
68 69 2
69 70 2
71 72 3
72 73 3
73 74 3
74 75 3
75 76 3
76 77 3
77 78 3
78 79 3
79 80 3
80 81 3
81 82 3
82 83 3
83 84 3
84 85 3
85 86 3
86 87 3
87 88 3
88 89 3
89 90 3
90 91 3
91 92 3
92 93 3
93 94 3
95 96 4
96 97 4
97 98 4
98 99 4
99 100 4
100 101 4
101 102 4
102 103 4
103 104 4
104 105 4
105 106 4
106 107 4
107 108 4
108 109 4
109 110 4
110 111 4
111 112 4
112 113 4
113 114 4
114 115 4
115 116 4
116 117 4
117 118 4
118 119 4
119 120 4
120 121 4
121 122 4
122 123 4
123 124 4
124 125 4
125 126 4
126 127 4
127 128 4
128 129 4
129 130 4
130 131 4
132 133 6
133 134 6
134 135 6
135 136 6
136 137 6
137 138 6
138 139 6
139 140 6
140 141 6
141 142 6
142 143 6
143 144 6
144 145 6
145 146 6
146 147 6
147 148 6
148 149 6
149 150 6
150 151 6
151 152 6
152 153 6
153 154 6
154 155 6
155 156 6
156 157 6
157 158 6
158 159 6
159 160 6
160 161 6
161 162 6
162 163 6
164 165 7
165 166 7
166 167 7
167 168 7
168 169 7
169 170 7
170 171 7
171 172 7
172 173 7
173 174 7
174 175 7
175 176 7
176 177 7
177 178 7
178 179 7
179 180 7
180 181 7
181 182 7
182 183 7
183 184 7
184 185 7
185 186 7
186 187 7
187 188 7
188 189 7
189 190 7
190 191 7
191 192 7
192 193 7
193 194 7
194 195 7
195 196 7
196 197 7
197 198 7
198 199 7
199 200 7
201 202 8
202 203 8
203 204 8
204 205 8
205 206 8
206 207 8
207 208 8
208 209 8
209 210 8
210 211 8
211 212 8
212 213 8
213 214 8
214 215 8
215 216 8
216 217 8
217 218 8
218 219 8
219 220 8
220 221 8
221 222 8
222 223 8
223 224 8
224 225 8
225 226 8